BF: 142 82 86 82 88 88 86 78 94 82 
90.8
3

BF: 544 516 272 282 290 244 260 252 288 266 
321.4
4

BF: 2562 2586 2620 2536 2538 2514 2518 2486 2518 2582 
2546
5

BF: 7304 9320 7306 7966 7266 8808 7236 7202 7262 102548 
17221.8
6

BF: 70850 69938 62672 54762 54262 69954 65530 58518 54528 54120 
61513.4
7

BF: 462954 462732 462840 462872 537442 472718 466004 464842 466952 481378 
474073
8

BF: 4.33846e+06 3.94565e+06 4.64171e+06 4.32103e+06 4.17817e+06 4.0418e+06 4.03737e+06 4.01878e+06 3.97235e+06 3.8224e+06 
4.13177e+06
9

BF: 3.79643e+07 3.80676e+07 3.84219e+07 3.80165e+07 3.80014e+07 3.75703e+07 3.78854e+07 3.79008e+07 3.78876e+07 3.78692e+07 
3.79585e+07
10

