SA: 0.99
2.78481e+06 2.15552e+06 2.02655e+06 1.95107e+06 1.91926e+06 
2.16744e+06
10

SA: 0.99
2.05973e+06 2.03216e+06 2.06028e+06 2.05133e+06 2.04118e+06 
2.04894e+06
20

SA: 0.99
2.20266e+06 2.18214e+06 2.17363e+06 2.17987e+06 2.14438e+06 
2.17654e+06
30

SA: 0.99
2.24336e+06 2.29179e+06 2.27423e+06 2.25943e+06 2.24717e+06 
2.2632e+06
40

SA: 0.99
2.52513e+06 2.40381e+06 2.4153e+06 2.4069e+06 2.41766e+06 
2.43376e+06
50

SA: 0.99
2.5421e+06 2.5406e+06 2.49069e+06 2.51518e+06 2.49166e+06 
2.51605e+06
60

SA: 0.99
2.66355e+06 2.68124e+06 2.63602e+06 2.64932e+06 2.67244e+06 
2.66051e+06
70

SA: 0.99
2.80484e+06 2.77263e+06 2.74704e+06 2.76631e+06 2.73937e+06 
2.76604e+06
80

SA: 0.99
3.14178e+06 2.94131e+06 2.90687e+06 2.86673e+06 2.84892e+06 
2.94112e+06
90

SA: 0.99
3.03519e+06 3.01727e+06 3.05499e+06 2.99944e+06 3.10074e+06 
3.04153e+06
100

SA: 0.99
3.20133e+06 3.11935e+06 3.16626e+06 3.16328e+06 3.10726e+06 
3.1515e+06
110

SA: 0.99
3.30515e+06 3.3368e+06 3.24671e+06 3.26899e+06 3.22978e+06 
3.27749e+06
120

SA: 0.99
3.53284e+06 3.48379e+06 3.42105e+06 3.39106e+06 3.74238e+06 
3.51422e+06
130

SA: 0.99
3.72406e+06 3.55797e+06 3.58656e+06 3.5713e+06 3.55144e+06 
3.59827e+06
140

SA: 0.999
1.95404e+07 2.32686e+07 1.90053e+07 1.8987e+07 1.9065e+07 
1.99733e+07
10

SA: 0.999
2.03051e+07 2.01337e+07 2.01562e+07 2.01294e+07 2.02819e+07 
2.02013e+07
20

SA: 0.999
2.12687e+07 2.14876e+07 2.14489e+07 2.21389e+07 2.16351e+07 
2.15959e+07
30

SA: 0.999
2.24215e+07 2.25002e+07 2.24915e+07 2.24978e+07 2.26958e+07 
2.25213e+07
40

SA: 0.999
2.37127e+07 2.36118e+07 2.35242e+07 2.37295e+07 2.36531e+07 
2.36462e+07
50

SA: 0.999
2.47095e+07 2.45384e+07 2.48097e+07 2.47505e+07 2.48621e+07 
2.4734e+07
60

SA: 0.999
2.59221e+07 2.59855e+07 2.78409e+07 2.60355e+07 2.58144e+07 
2.63197e+07
70

SA: 0.999
2.71012e+07 2.70081e+07 2.70874e+07 2.72121e+07 2.71197e+07 
2.71057e+07
80

SA: 0.999
2.80725e+07 2.7972e+07 2.77789e+07 2.77281e+07 2.79574e+07 
2.79018e+07
90

SA: 0.999
2.88792e+07 2.87227e+07 2.8669e+07 2.85456e+07 2.85517e+07 
2.86736e+07
100

SA: 0.999
2.95892e+07 2.96417e+07 2.94479e+07 2.97284e+07 2.96413e+07 
2.96097e+07
110

SA: 0.999
3.15121e+07 3.09973e+07 3.10715e+07 3.13212e+07 3.13017e+07 
3.12408e+07
120

SA: 0.999
3.23436e+07 3.23671e+07 3.20229e+07 3.19948e+07 3.2151e+07 
3.21759e+07
130

SA: 0.999
3.3194e+07 3.35155e+07 3.36173e+07 3.30975e+07 3.33365e+07 
3.33522e+07
140




SA: 0.9999
1.99284e+08 1.90517e+08 1.89637e+08 1.89297e+08 1.89913e+08 
1.9173e+08
10

SA: 0.9999
2.02925e+08 2.01251e+08 2.00957e+08 2.01243e+08 2.01818e+08 
2.01639e+08
20

SA: 0.9999
2.12449e+08 2.11903e+08 2.1236e+08 2.12266e+08 2.13095e+08 
2.12414e+08
30

SA: 0.9999
2.22596e+08 2.2648e+08 2.23716e+08 2.23311e+08 2.23554e+08 
2.23931e+08
40

SA: 0.9999
2.34567e+08 2.3491e+08 2.34596e+08 2.35007e+08 2.35284e+08 
2.34873e+08
50

SA: 0.9999
2.46034e+08 2.48624e+08 2.47696e+08 2.46797e+08 2.52936e+08 
2.48417e+08
60

SA: 0.9999
2.56822e+08 2.55142e+08 2.56679e+08 2.58641e+08 2.58701e+08 
2.57197e+08
70

SA: 0.9999
2.69731e+08 2.72056e+08 2.78105e+08 2.75174e+08 2.7961e+08 
2.74935e+08
80

SA: 0.9999
2.8834e+08 4.18978e+08 3.03286e+08 2.83972e+08 3.01514e+08 
3.19218e+08
90

SA: 0.9999
3.41526e+08 3.01392e+08 3.4772e+08 3.11689e+08 3.04896e+08 
3.21445e+08
100

SA: 0.9999
3.14368e+08 3.02676e+08 3.04914e+08 3.03347e+08 3.0302e+08
3.05665e+08
110

SA: 0.9999
3.24241e+08 3.14385e+08 3.12986e+08 3.14077e+08 3.126e+08 
3.15658e+08
120

SA: 0.9999
3.26533e+08 3.26873e+08 3.31698e+08 3.27898e+08 3.27037e+08 
3.28008e+08
130

SA: 0.9999
3.32487e+08 3.39398e+08 3.44403e+08 3.49777e+08 3.90348e+08 
3.51283e+08
140





1.32539e+06
1.6327e+06
943382
2.10163e+06
1.58485e+06
2.48447e+06
2.20577e+06
1.76579e+06
2.69209e+06
2.34595e+06
2.10499e+06
1.70089e+06
1.92794e+06
1.8382e+06
2.84892e+06
2.42805e+06
2.23889e+06
2.21825e+06
3.11655e+06
2.56248e+06
3.06428e+06
3.04421e+06
3.16885e+06
3.37311e+06
2.83278e+06
3.89195e+06
3.19354e+06
3.78059e+06
3.75285e+06




9.39456e+06
9.40457e+06
1.36291e+07
1.43842e+07
1.08275e+07
1.21028e+07
1.60918e+07
1.48772e+07
2.29591e+07
1.59446e+07
1.57844e+07
2.04398e+07
1.77041e+07
1.60679e+07
2.60364e+07
2.95602e+07
2.49516e+07
2.2419e+07
2.56488e+07
2.72019e+07
3.08266e+07
2.45486e+07
2.7203e+07
3.12153e+07
2.91797e+07
3.04299e+07
3.87061e+07
3.38506e+07
3.82473e+07

1.0016e+08
1.00415e+08
9.72918e+07
1.06884e+08
1.21408e+08
1.19267e+08
1.33035e+08
1.38342e+08
1.59127e+08
1.53444e+08
1.69499e+08
1.75004e+08
1.79701e+08
1.89053e+08
2.13972e+08
2.1956e+08
2.53514e+08
2.46582e+08
2.79295e+08
2.48627e+08
3.04189e+08
3.39765e+08
3.62206e+08
1.97884e+09
2.56441e+08
2.9785e+08
3.0902e+08
3.06327e+08
3.43455e+08
