Alpha = 5.3, Beta = 14.0, Evap = 0.5, ph = 100.0
123.077
29.3209
27.6805
29.4118
4.51601
35.5528
32.8529
22.4583
45.3903
32.7695
39.8659
17.4933
38.506
28.7254
46.323
Alpha = 14.0, Beta = 5.3, Evap = 0.5, ph = 100.0



142.222
42.7372
43.2994
47.3551
19.7817
50.5063
43.1794
39.5969
60.8351
47.9892
64.5641
36.7043
55.6308
46.4852
73.1543
Alpha =3.2, Beta = 4.0, Evap = 0.5, ph = 100.0
162.222
53.8932
56.9269
54.1786
19.2278
69.7747
67.1922
51.9655
75.5781
60.597
76.4292
46.3998
79.4496
66.5287
104.469
Alpha =4.0, Beta = 3.2, Evap = 0.5, ph = 100.0
180
67.2369
66.9201
68.2832
7.36892
90.1178
88.8964
70.3721
82.099
90.3275
96.4183
55.5931
100.694
95.6333
149.423
Alpha = 5.3, Beta = 14.0, Evap = 0.2, ph = 100.0

123.077
28.7921
23.5574
29.8693
5.33571
37.3962
34.5045
23.7336
45.5284
31.6459
37.4769
16.7483
37.3915
28.2928
44.7211

Alpha = 5.3, Beta = 14.0, Evap = 0.1, ph = 100.0



123.077
26.6511
26.377
27.8606
4.74377
31.6801
35.1126
23.4434
45.0456
31.4303
39.3148
17.1655
33.3094
30.0311
45.8125

Alpha = 5.3, Beta = 14.0, Evap = 0.01, ph = 100.0
123.077
31.1405
28.391
26.9804
11.6572
33.5937
33.1682
21.3054
42.2969
33.2131
39.7245
17.7414
37.8496
26.697
45.9528

Alpha = 5.3, Beta = 14.0, Evap = 0.8, ph = 100.0


123.077
28.9684
28.9749
28.3355
4.79359
35.2594
33.262
23.3417
45.0311
29.291
36.9114
17.2613
35.0256
30.129
44.1186



Alpha = 5.3, Beta = 14.0, Evap = 0.5, ph = 50.0

126.667
24.7227
30.7717
31.9913
5.05101
35.28
36.7793
22.1943
42.209
31.476
37.9953
16.9302
35.959
28.78
45.5608


Alpha = 5.3, Beta = 14.0, Evap = 0.5, ph = 150.0


123.077
30.2333
31.7809
25.8431
5.46738
36.5613
32.958
20.8284
43.4149
29.5274
35.1677
17.7943
35.5385
30.4403
43.4531
