SA: 0.99
1.79772e+06 1.69261e+06 1.75628e+06 1.67126e+06 1.67862e+06 
1.7193e+06
17

SA: 0.99
2.3129e+06 2.28256e+06 2.291e+06 2.31894e+06 2.35299e+06 
2.31168e+06
53

SA: 0.99
2.51872e+06 2.6207e+06 2.55234e+06 2.51986e+06 2.54209e+06 
2.55074e+06
70

SA: 0.99
1.97683e+06 2.01432e+06 1.94487e+06 1.96617e+06 1.94411e+06 
1.96926e+06
34

SA: 0.99
2.01212e+06 1.98534e+06 2.00712e+06 2.00253e+06 2.01163e+06 
2.00375e+06
36

SA: 0.99
2.02984e+06 2.02376e+06 2.05176e+06 2.00822e+06 2.04182e+06 
2.03108e+06
39

SA: 0.99
2.12224e+06 2.09408e+06 2.09882e+06 2.09646e+06 2.14536e+06 
2.11139e+06
45

SA: 0.99
2.16613e+06 2.19591e+06 2.1585e+06 2.11561e+06 2.12147e+06 
2.15152e+06
48

SA: 0.99
2.26597e+06 2.21885e+06 2.22534e+06 2.24006e+06 2.21256e+06 
2.23256e+06
56

SA: 0.99
2.29662e+06 2.43951e+06 2.34482e+06 2.31932e+06 2.32592e+06 
2.34524e+06
65

SA: 0.99
2.52592e+06 2.41928e+06 2.36505e+06 2.55263e+06 2.42368e+06 
2.45731e+06
71

SA: 0.99
3.59295e+06 3.58726e+06 3.73282e+06 3.69049e+06 3.67071e+06 
3.65485e+06
171

SA: 0.99
3.00524e+06 3.04435e+06 3.02628e+06 2.99461e+06 3.05108e+06 
3.02431e+06
100

SA: 0.99
2.12113e+06 2.13609e+06 2.10978e+06 2.13272e+06 2.14114e+06 
2.12817e+06
43

SA: 0.99
5.37205e+06 5.47555e+06 5.53219e+06 5.45682e+06 5.22964e+06 
5.41325e+06
323

SA: 0.99
5.91655e+06 5.81041e+06 5.9693e+06 5.89544e+06 5.8464e+06 
5.88762e+06
358

SA: 0.99
6.56295e+06 6.37441e+06 6.50669e+06 6.55252e+06 6.54165e+06 
6.50764e+06
403

SA: 0.99
6.87508e+06 7.08607e+06 7.00971e+06 7.05219e+06 6.95363e+06 
6.99534e+06
443

SA: 0.99
2.35472e+06 2.33502e+06 2.36226e+06 2.3243e+06 2.32398e+06 
2.34006e+06
48


SA: 0.999
1.69694e+07 1.66526e+07 1.63206e+07 1.63214e+07 1.62544e+07 
1.65037e+07
17

SA: 0.999
2.26813e+07 2.25792e+07 2.25001e+07 2.2335e+07 2.27077e+07 
2.25607e+07
53

SA: 0.999
2.49611e+07 2.46767e+07 2.48474e+07 2.47861e+07 2.47382e+07 
2.48019e+07
70

SA: 0.999
1.95786e+07 1.9488e+07 1.94551e+07 1.94434e+07 1.94935e+07 
1.94917e+07
34

SA: 0.999
1.98359e+07 1.97701e+07 1.96407e+07 1.96219e+07 1.97739e+07 
1.97285e+07
36

SA: 0.999
2.01917e+07 1.99906e+07 2.01133e+07 2.01989e+07 2.00813e+07 
2.01151e+07
39


SA: 0.999
2.33537e+07 2.14967e+07 2.15136e+07 2.08351e+07 2.0797e+07 
2.15993e+07
45

SA: 0.999
2.13598e+07 2.14589e+07 2.10946e+07 2.11507e+07 2.11128e+07 
2.12354e+07
48

SA: 0.999
2.19538e+07 2.194e+07 2.19136e+07 2.18935e+07 2.20231e+07 
2.19448e+07
56

SA: 0.999
2.30387e+07 2.26591e+07 2.26814e+07 2.27888e+07 2.27272e+07 
2.2779e+07
65

SA: 0.999
2.33006e+07 2.35841e+07 2.35949e+07 2.37953e+07 2.34867e+07 
2.35523e+07
71

SA: 0.999
3.4785e+07 3.42634e+07 3.5533e+07 3.46312e+07 3.49798e+07 
3.48385e+07
171

SA: 0.999
2.93437e+07 2.96428e+07 2.91387e+07 2.92218e+07 2.93011e+07 
2.93296e+07
100

SA: 0.999
2.09189e+07 2.09497e+07 2.08204e+07 2.07464e+07 2.08159e+07 
2.08503e+07
43

SA: 0.999
5.01995e+07 4.97132e+07 4.97282e+07 5.05564e+07 5.07429e+07 
5.0188e+07
323

SA: 0.999
5.4786e+07 5.61801e+07 5.45836e+07 5.40464e+07 5.46281e+07 
5.48448e+07
358

SA: 0.999
6.13763e+07 5.88937e+07 6.03353e+07 5.97799e+07 6.03958e+07 
6.01562e+07
403

SA: 0.999
6.44119e+07 6.48346e+07 6.37497e+07 6.52578e+07 6.48001e+07 
6.46108e+07
443

SA: 0.999
2.31919e+07 2.31767e+07 2.31264e+07 2.34041e+07 2.3347e+07 
2.32492e+07
48

SA: 0.9999
1.67293e+08 1.63085e+08 1.64101e+08 1.63095e+08 1.63375e+08 
1.6419e+08
17

SA: 0.9999
2.26262e+08 2.24542e+08 2.23679e+08 2.24426e+08 2.24462e+08 
2.24674e+08
53

SA: 0.9999
2.46235e+08 2.45494e+08 2.4478e+08 2.46669e+08 2.52706e+08 
2.47177e+08
70

SA: 0.9999
1.96244e+08 1.95633e+08 1.9564e+08 1.9521e+08 1.96123e+08 
1.9577e+08
34

SA: 0.9999
1.99253e+08 1.97842e+08 1.98752e+08 1.989e+08 1.99649e+08 
1.98879e+08
36

SA: 0.9999
2.02059e+08 2.02916e+08 2.02398e+08 2.03512e+08 2.01422e+08 
2.02461e+08
39

SA: 0.9999
2.08293e+08 2.08353e+08 2.09232e+08 2.09234e+08 2.07965e+08 
2.08616e+08
45

SA: 0.9999
2.09613e+08 2.11179e+08 2.11017e+08 2.11349e+08 2.11799e+08 
2.10991e+08
48

SA: 0.9999
2.23517e+08 2.19572e+08 2.51392e+08 2.30145e+08 2.48761e+08 
2.34677e+08
56

SA: 0.9999
2.36627e+08 2.3292e+08 2.47409e+08 2.66396e+08 2.53388e+08 
2.47348e+08
65

SA: 0.9999
2.46326e+08 2.6815e+08 2.97226e+08 2.52102e+08 2.49345e+08 
2.6263e+08
71

SA: 0.9999
4.76995e+08 4.3114e+08 4.38499e+08 4.75153e+08 4.05734e+08 
4.45504e+08
171

SA: 0.9999
3.37795e+08 3.25418e+08 3.61724e+08 3.42599e+08 3.43855e+08 
3.42278e+08
100

SA: 0.9999
2.24332e+08 2.24286e+08 2.26418e+08 3.05161e+08 2.29502e+08 
2.4194e+08
43

SA: 0.9999
4.9152e+08 4.88717e+08 4.93498e+08 4.79332e+08 4.76832e+08 
4.8598e+08
323

SA: 0.9999
5.22592e+08 6.26347e+08 6.13956e+08 6.40263e+08 7.10645e+08 
6.22761e+08
358

SA: 0.9999
7.00894e+08 7.47514e+08 7.92233e+08 6.84743e+08 9.08979e+08 
7.66873e+08
403

SA: 0.9999
6.26243e+08 6.20988e+08 6.49634e+08 6.92051e+08 7.80387e+08 
6.73861e+08
443

SA: 0.9999
2.72389e+08 2.46489e+08 2.44592e+08 2.38068e+08 2.36314e+08 
2.4757e+08
48

