SA: 0.99
103.419 101.709 113.675 99.1453 91.453 
101.88
br17.atsp
17

SA: 0.99
220.545 220.396 221.81 223.471 216.635 
220.572
ft53.atsp
53

SA: 0.99
72.1692 74.1534 72.2451 69.7024 71.6865 
71.9913
ft70.atsp
70

SA: 0.99
169.285 172.136 172.732 170.762 172.991 
171.581
ftv33.atsp
34

SA: 0.99
168.296 170.22 166.531 170.106 172.867 
169.604
ftv35.atsp
36

SA: 0.99
175.599 177.168 182.505 170.741 167.952 
174.793
ftv38.atsp
39

SA: 0.99
206.634 216.057 211.573 224.737 218.496 
215.499
ftv44.atsp
45

SA: 0.99
219.313 214.902 224.437 217.155 232.32 
221.625
ftv47.atsp
48

SA: 0.99
287.355 287.189 286.94 296.849 285.075 
288.682
ftv55.atsp
56

SA: 0.99
313.449 316.096 304.713 311.709 310.078 
311.209
ftv64.atsp
65

SA: 0.99
334.53 325.897 332.564 336.65 329.829 
331.894
ftv70.atsp
71

SA: 0.99
777.036 772.111 769.05 756.407 777.12 
770.345
ftv170.atsp
171

SA: 0.99
350.328 356.494 355.288 365.946 359.409 
357.493
kro124p.atsp
100

SA: 0.99
143.043 141.02 171.607 173.553 175.386 
160.922
p43.atsp
43

SA: 0.99
340.749 342.936 348.416 345.525 341.805 
343.886
rbg323.atsp
323

SA: 0.99
465.119 464.116 473.23 464.804 458.269 
465.107
rbg358.atsp
358

SA: 0.99
196.714 197.174 198.283 199.216 202.001 
198.677
rbg403.atsp
403

SA: 0.99
192.512 190.98 189.498 189.534 192.88 
191.081
rbg443.atsp
443

SA: 0.99
202.568 197.354 198.985 207.884 216.738 
204.706
ry48p.atsp
48

SA: 0.999
59.8291 70.9402 69.2308 62.3932 58.1197 
64.1026
br17.atsp
17

SA: 0.999
209.331 211.156 209.578 199.175 202.085 
206.265
ft53.atsp
53

SA: 0.999
69.7713 68.2224 69.7584 69.5343 68.4552 
69.1483
ft70.atsp
70

SA: 0.999
158.865 162.234 152.981 161.431 163.038 
159.71
ftv33.atsp
34

SA: 0.999
154.967 150.464 150.305 144.128 151.799 
150.333
ftv35.atsp
36

SA: 0.999
162.375 161.329 152.745 166.601 167.495 
162.109
ftv38.atsp
39

SA: 0.999
202.728 186.505 205.745 203.554 198.161 
199.339
ftv44.atsp
45

SA: 0.999
206.325 211.937 208.427 210.398 211.505 
209.718
ftv47.atsp
48

SA: 0.999
259.847 271.186 278.358 270.398 264.76 
268.91
ftv55.atsp
56

SA: 0.999
299.456 296.937 294.653 295.45 294.544 
296.208
ftv64.atsp
65

SA: 0.999
314.957 322.188 321.487 313.282 322.462 
318.875
ftv70.atsp
71

SA: 0.999
750.248 755.269 754.822 751.785 746.05 
751.635
ftv170.atsp
171

SA: 0.999
339.599 340.305 342.686 340.652 340.051 
340.658
kro124p.atsp
100

SA: 0.999
51.1507 107.212 106.346 109.715 77.4259 
90.3701
p43.atsp
43

SA: 0.999
337.456 333.861 335.344 330.769 330.694 
333.625
rbg323.atsp
323

SA: 0.999
456.033 455.001 456.177 453.826 455.087 
455.225
rbg358.atsp
358

SA: 0.999
192.414 191.913 191.264 189.682 195.348 
192.124
rbg403.atsp
403

SA: 0.999
186.422 187.61 188.015 186.287 185.723 
186.811
rbg443.atsp
443

SA: 0.999
184.163 185.4 181.521 183.068 184.644 
183.759
ry48p.atsp
48


SA: 0.9999
44.4444 39.3162 45.2991 39.3162 30.7692 
39.8291
br17.atsp
17

SA: 0.9999
191.011 193.338 196.688 193.512 198.735 
194.657
ft53.atsp
53

SA: 0.9999
65.1247 64.0904 65.9194 66.0987 67.3347 
65.7135
ft70.atsp
70

SA: 0.9999
141.498 144.738 147.849 141.835 145.931 
144.37
ftv33.atsp
34

SA: 0.9999
138.945 142.249 143.585 144.218 144.558 
142.711
ftv35.atsp
36

SA: 0.9999
152.767 152.244 151.612 148.17 153.094 
151.577
ftv38.atsp
39

SA: 0.9999
182.579 181.36 185.162 188.696 189.833 
185.526
ftv44.atsp
45

SA: 0.9999
195.477 194.914 197.879 194.782 185.792 
193.769
ftv47.atsp
48

SA: 0.9999
259.764 261.899 256.862 252.446 254.996 
257.193
ftv55.atsp
56

SA: 0.9999
287.276 275.494 282.762 280.841 280.116 
281.298
ftv64.atsp
65

SA: 0.9999
300.308 302.274 299.846 305.077 307.385 
302.978
ftv70.atsp
71

SA: 0.9999
716.588 730.756 733.285 730.732 730.647 
728.402
ftv170.atsp
171

SA: 0.9999
331.025 329.837 329.733 324.487 334.127 
329.842
kro124p.atsp
100

SA: 0.9999
16.0439 17.0463 12.4674 75.9312 45.0119 
33.3001
p43.atsp
43

SA: 0.9999
325.189 323.529 329.085 329.864 329.915 
327.516
rbg323.atsp
323

SA: 0.9999
446.002 446.862 440.441 445.801 448.151 
445.451
rbg358.atsp
358

SA: 0.9999
188.654 189.047 188.952 188.871 187.289 
188.563
rbg403.atsp
403

SA: 0.9999
183.799 183.162 184.485 184.338 180.564 
183.27
rbg443.atsp
443

SA: 0.9999
169.939 174.132 168.763 168.541 175.128 
171.301
ry48p.atsp
48

