DP: 116 106 96 106 96 100 94 92 96 96 
99.8
3

DP: 348 312 358 166 258 268 250 164 160 176 
246
4

DP: 582 654 2088 838 834 844 1054 978 504 486 
886.2
5

DP: 1560 1396 1882 3916 1430 2956 1432 1950 2122 3390 
2203.4
6

DP: 4680 3886 3874 3886 3882 3886 3910 3882 8920 3952 
4475.8
7

DP: 20508 18318 20666 18850 30976 24514 32164 28162 19068 18716 
23194.2
8

DP: 76226 65388 63488 68348 68590 65832 72544 65472 63498 64950 
67433.6
9

DP: 211026 213204 193430 197916 194632 200564 194090 195528 191514 193466 
198537
10

DP: 667942 632534 562514 533222 540438 640390 562780 581776 587878 590354 
589983
11

DP: 1.31447e+06 1.38278e+06 1.26873e+06 1.40242e+06 1.34363e+06 1.26074e+06 1.23669e+06 1.30732e+06 1.25639e+06 1.20904e+06 
1.29822e+06
12

DP: 2.74961e+06 2.86622e+06 2.83456e+06 2.7723e+06 2.80014e+06 2.82483e+06 2.71591e+06 2.7491e+06 2.76156e+06 2.71658e+06 
2.77908e+06
13

DP: 6.48855e+06 6.55362e+06 6.45111e+06 6.59651e+06 6.70757e+06 6.56247e+06 6.44507e+06 6.41181e+06 6.51732e+06 6.61899e+06 
6.5353e+06
14

DP: 1.52289e+07 1.57426e+07 1.48637e+07 1.52442e+07 1.52799e+07 1.50498e+07 1.49931e+07 1.50243e+07 1.4884e+07 1.48596e+07 
1.5117e+07
15

DP: 3.46205e+07 3.54248e+07 3.55223e+07 3.47255e+07 3.53422e+07 3.56354e+07 3.52093e+07 3.59901e+07 3.55176e+07 3.44863e+07 
3.52474e+07
16

DP: 9.91807e+07 9.06008e+07 8.97126e+07 9.2205e+07 9.30477e+07 8.89163e+07 9.03956e+07 8.94276e+07 9.22478e+07 9.7625e+07 
9.23359e+07
17

DP: 2.54106e+08 2.39315e+08 2.36815e+08 2.35269e+08 2.34526e+08 2.33576e+08 2.32826e+08 2.3136e+08 2.30915e+08 2.40857e+08 
2.36956e+08
18

DP: 6.84419e+08 1.16285e+09 1.15037e+09 6.8275e+08 5.95816e+08 6.01548e+08 6.0523e+08 5.78899e+08 6.04537e+08 5.74696e+08 
7.24111e+08
19

